#Frame          1        2        3        4        5        6        7        8        9       10       11       12       13       14       15       16       17       18       19       20       21       22       23       24       25       26       27       28       29       30       31       32       33       34       35       36       37       38       39       40       41       42       43       44       45       46       47       48       49       50       51       52       53       54       55       56       57       58       59       60       61       62       63       64       65       66       67       68       69       70       71       72       73       74       75       76       77       78       79       80       81       82       83       84       85       86       87       88       89       90       91       92       93       94       95       96       97       98       99      100      101      102
       1    0.000    0.685    0.900    1.016    1.119    1.259    1.357    1.479    1.608    1.723    1.805    1.873    1.954    2.047    2.140    2.230    2.273    2.359    2.472    2.570    2.662    2.760    2.863    2.963    3.028    3.125    3.221    3.319    3.424    3.524    3.614    3.693    3.809    3.900    4.008    4.121    4.246    4.323    4.450    4.501    4.612    4.719    4.792    4.859    4.974    5.057    5.231    5.286    5.455    5.541    5.579    5.645    5.822    5.862    5.903    6.005    6.031    6.157    6.229    6.273    6.361    6.441    6.554    6.590    6.650    6.721    6.801    6.783    6.869    6.913    6.987    7.054    7.156    7.184    7.206    7.259    7.269    7.280    7.343    7.382    7.400    7.394    7.421    7.398    7.433    7.445    7.495    7.454    7.508    7.559    7.523    7.524    7.542    7.545    7.553    7.584    7.566    7.591    7.643    7.604    7.583    7.625
       2    0.685    0.000    0.655    0.811    0.910    1.091    1.211    1.328    1.436    1.558    1.649    1.730    1.810    1.899    1.998    2.091    2.133    2.227    2.337    2.431    2.522    2.627    2.733    2.832    2.900    3.000    3.099    3.193    3.296    3.398    3.490    3.570    3.685    3.777    3.890    3.999    4.129    4.204    4.335    4.384    4.499    4.607    4.673    4.744    4.857    4.939    5.115    5.174    5.346    5.435    5.471    5.538    5.712    5.754    5.793    5.896    5.924    6.050    6.126    6.172    6.259    6.339    6.451    6.489    6.551    6.626    6.706    6.689    6.775    6.818    6.891    6.956    7.063    7.088    7.110    7.162    7.172    7.182    7.245    7.284    7.300    7.298    7.324    7.300    7.334    7.349    7.398    7.356    7.412    7.464    7.431    7.435    7.452    7.455    7.463    7.497    7.481    7.505    7.559    7.520    7.500    7.544
       3    0.900    0.655    0.000    0.660    0.805    0.982    1.108    1.228    1.328    1.448    1.528    1.612    1.689    1.775    1.876    1.964    2.007    2.103    2.213    2.302    2.401    2.496    2.609    2.705    2.769    2.862    2.961    3.055    3.163    3.263    3.353    3.428    3.543    3.636    3.750    3.856    3.984    4.062    4.195    4.245    4.357    4.465    4.534    4.603    4.718    4.797    4.969    5.029    5.200    5.288    5.325    5.390    5.563    5.605    5.645    5.747    5.776    5.906    5.982    6.027    6.117    6.196    6.309    6.344    6.407    6.482    6.562    6.546    6.632    6.676    6.751    6.817    6.921    6.943    6.967    7.020    7.030    7.040    7.107    7.146    7.162    7.159    7.187    7.162    7.200    7.212    7.260    7.220    7.278    7.326    7.295    7.300    7.318    7.322    7.331    7.365    7.351    7.373    7.426    7.388    7.367    7.411
       4    1.016    0.811    0.660    0.000    0.636    0.818    0.940    1.058    1.171    1.300    1.388    1.483    1.550    1.632    1.729    1.813    1.851    1.952    2.064    2.146    2.243    2.351    2.456    2.563    2.632    2.729    2.830    2.924    3.035    3.136    3.225    3.302    3.419    3.514    3.629    3.739    3.871    3.944    4.080    4.128    4.244    4.351    4.421    4.492    4.609    4.689    4.863    4.920    5.095    5.185    5.226    5.292    5.462    5.503    5.545    5.648    5.677    5.811    5.885    5.932    6.021    6.102    6.217    6.254    6.316    6.393    6.473    6.456    6.544    6.588    6.661    6.729    6.834    6.855    6.877    6.937    6.947    6.957    7.025    7.066    7.081    7.076    7.104    7.079    7.118    7.128    7.178    7.138    7.193    7.243    7.211    7.218    7.239    7.241    7.253    7.288    7.272    7.293    7.349    7.311    7.289    7.336
       5    1.119    0.910    0.805    0.636    0.000    0.668    0.800    0.933    1.057    1.188    1.276    1.369    1.435    1.525    1.613    1.704    1.741    1.841    1.963    2.052    2.138    2.256    2.363    2.459    2.527    2.623    2.729    2.827    2.936    3.036    3.130    3.210    3.337    3.428    3.549    3.662    3.793    3.867    3.998    4.046    4.163    4.270    4.343    4.416    4.531    4.611    4.787    4.845    5.020    5.110    5.152    5.216    5.385    5.427    5.470    5.570    5.598    5.729    5.803    5.850    5.940    6.020    6.133    6.172    6.234    6.307    6.392    6.372    6.460    6.503    6.576    6.643    6.749    6.773    6.796    6.853    6.866    6.874    6.938    6.980    6.996    6.992    7.022    6.996    7.034    7.047    7.097    7.055    7.114    7.163    7.133    7.142    7.163    7.163    7.176    7.210    7.197    7.217    7.275    7.234    7.213    7.260
       6    1.259    1.091    0.982    0.818    0.668    0.000    0.631    0.775    0.906    1.019    1.116    1.219    1.291    1.380    1.470    1.555    1.596    1.703    1.832    1.927    2.015    2.127    2.240    2.344    2.416    2.509    2.612    2.714    2.824    2.924    3.015    3.093    3.211    3.311    3.429    3.544    3.677    3.757    3.892    3.938    4.063    4.171    4.250    4.323    4.444    4.524    4.700    4.763    4.935    5.024    5.069    5.135    5.306    5.345    5.389    5.492    5.518    5.647    5.723    5.771    5.863    5.941    6.054    6.096    6.156    6.229    6.312    6.294    6.381    6.424    6.494    6.565    6.672    6.694    6.717    6.777    6.790    6.797    6.863    6.907    6.923    6.917    6.945    6.924    6.962    6.974    7.026    6.982    7.043    7.092    7.061    7.069    7.093    7.091    7.104    7.138    7.122    7.141    7.198    7.157    7.136    7.184
       7    1.357    1.211    1.108    0.940    0.800    0.631    0.000    0.627    0.764    0.872    0.964    1.070    1.164    1.271    1.345    1.433    1.480    1.579    1.705    1.795    1.887    1.997    2.104    2.207    2.286    2.383    2.491    2.595    2.704    2.804    2.897    2.973    3.095    3.203    3.318    3.426    3.561    3.638    3.769    3.818    3.945    4.056    4.134    4.206    4.331    4.413    4.591    4.652    4.825    4.914    4.960    5.032    5.206    5.245    5.288    5.391    5.417    5.548    5.624    5.668    5.759    5.837    5.951    5.993    6.053    6.125    6.209    6.191    6.276    6.317    6.389    6.458    6.562    6.584    6.604    6.665    6.677    6.685    6.750    6.795    6.814    6.808    6.838    6.816    6.856    6.865    6.918    6.873    6.931    6.978    6.952    6.960    6.986    6.986    6.998    7.034    7.018    7.036    7.094    7.054    7.034    7.082
       8    1.479    1.328    1.228    1.058    0.933    0.775    0.627    0.000    0.628    0.737    0.831    0.948    1.029    1.127    1.211    1.300    1.364    1.453    1.577    1.664    1.751    1.861    1.978    2.081    2.171    2.256    2.365    2.470    2.587    2.691    2.783    2.864    2.989    3.099    3.217    3.324    3.464    3.542    3.674    3.718    3.847    3.956    4.033    4.107    4.230    4.319    4.500    4.564    4.741    4.832    4.876    4.944    5.118    5.158    5.204    5.305    5.334    5.464    5.544    5.585    5.678    5.756    5.867    5.910    5.970    6.046    6.127    6.112    6.194    6.236    6.306    6.376    6.482    6.504    6.525    6.587    6.600    6.603    6.670    6.716    6.736    6.731    6.756    6.737    6.774    6.786    6.839    6.793    6.850    6.899    6.872    6.883    6.908    6.907    6.923    6.957    6.942    6.961    7.019    6.979    6.958    7.007
       9    1.608    1.436    1.328    1.171    1.057    0.906    0.764    0.628    0.000    0.578    0.715    0.836    0.906    1.016    1.114    1.187    1.259    1.340    1.470    1.562    1.650    1.753    1.871    1.976    2.062    2.154    2.262    2.366    2.486    2.582    2.679    2.758    2.882    2.993    3.112    3.217    3.351    3.429    3.566    3.612    3.744    3.858    3.934    4.008    4.129    4.216    4.397    4.464    4.639    4.729    4.775    4.840    5.016    5.060    5.104    5.208    5.236    5.364    5.444    5.488    5.578    5.654    5.761    5.805    5.866    5.942    6.022    6.009    6.091    6.132    6.203    6.272    6.380    6.402    6.421    6.483    6.495    6.500    6.567    6.615    6.636    6.632    6.659    6.639    6.679    6.691    6.744    6.698    6.758    6.804    6.778    6.791    6.816    6.814    6.829    6.866    6.852    6.870    6.926    6.887    6.868    6.919
      10    1.723    1.558    1.448    1.300    1.188    1.019    0.872    0.737    0.578    0.000    0.588    0.720    0.793    0.906    1.000    1.090    1.164    1.247    1.369    1.462    1.554    1.657    1.767    1.876    1.967    2.066    2.175    2.282    2.397    2.494    2.587    2.659    2.790    2.896    3.012    3.119    3.254    3.333    3.466    3.506    3.643    3.758    3.832    3.909    4.030    4.117    4.298    4.364    4.538    4.631    4.676    4.743    4.914    4.957    5.005    5.111    5.137    5.267    5.350    5.393    5.483    5.557    5.665    5.708    5.771    5.846    5.928    5.914    6.000    6.042    6.111    6.182    6.289    6.311    6.335    6.396    6.407    6.413    6.483    6.532    6.551    6.547    6.575    6.556    6.594    6.608    6.661    6.612    6.673    6.720    6.692    6.707    6.729    6.727    6.743    6.780    6.766    6.782    6.841    6.799    6.777    6.829
      11    1.805    1.649    1.528    1.388    1.276    1.116    0.964    0.831    0.715    0.588    0.000    0.572    0.697    0.812    0.904    0.984    1.059    1.140    1.262    1.348    1.432    1.541    1.662    1.768    1.866    1.951    2.061    2.166    2.288    2.382    2.477    2.547    2.678    2.788    2.898    3.008    3.145    3.220    3.349    3.391    3.526    3.640    3.720    3.796    3.921    4.005    4.187    4.253    4.429    4.526    4.568    4.637    4.805    4.848    4.900    5.003    5.030    5.158    5.243    5.287    5.377    5.455    5.566    5.608    5.668    5.744    5.830    5.818    5.905    5.946    6.019    6.087    6.192    6.214    6.234    6.298    6.308    6.314    6.387    6.439    6.460    6.457    6.485    6.463    6.501    6.516    6.569    6.519    6.581    6.625    6.601    6.614    6.639    6.636    6.653    6.691    6.678    6.695    6.754    6.713    6.692    6.745
      12    1.873    1.730    1.612    1.483    1.369    1.219    1.070    0.948    0.836    0.720    0.572    0.000    0.612    0.736    0.846    0.916    0.989    1.068    1.177    1.280    1.360    1.454    1.576    1.688    1.782    1.868    1.965    2.069    2.201    2.298    2.391    2.453    2.591    2.699    2.806    2.912    3.046    3.120    3.250    3.289    3.426    3.545    3.622    3.697    3.817    3.907    4.091    4.154    4.330    4.429    4.469    4.535    4.706    4.747    4.799    4.900    4.930    5.058    5.142    5.187    5.279    5.355    5.465    5.507    5.570    5.646    5.731    5.719    5.803    5.850    5.917    5.989    6.091    6.114    6.131    6.196    6.207    6.215    6.284    6.337    6.357    6.353    6.381    6.360    6.400    6.416    6.469    6.418    6.481    6.525    6.501    6.513    6.537    6.538    6.554    6.590    6.575    6.593    6.652    6.610    6.589    6.643
      13    1.954    1.810    1.689    1.550    1.435    1.291    1.164    1.029    0.906    0.793    0.697    0.612    0.000    0.606    0.712    0.826    0.915    0.983    1.078    1.183    1.265    1.364    1.478    1.593    1.674    1.770    1.885    1.991    2.124    2.229    2.318    2.376    2.512    2.620    2.728    2.838    2.973    3.040    3.174    3.217    3.358    3.474    3.550    3.629    3.749    3.841    4.025    4.090    4.267    4.361    4.404    4.466    4.636    4.677    4.725    4.827    4.856    4.986    5.070    5.115    5.208    5.286    5.392    5.435    5.496    5.572    5.655    5.640    5.725    5.767    5.835    5.906    6.011    6.030    6.051    6.116    6.128    6.135    6.203    6.252    6.274    6.270    6.297    6.278    6.317    6.333    6.388    6.337    6.400    6.444    6.417    6.430    6.458    6.456    6.473    6.509    6.496    6.511    6.570    6.529    6.508    6.560
      14    2.047    1.899    1.775    1.632    1.525    1.380    1.271    1.127    1.016    0.906    0.812    0.736    0.606    0.000    0.628    0.729    0.818    0.885    0.972    1.096    1.156    1.256    1.374    1.478    1.555    1.651    1.770    1.876    2.014    2.114    2.202    2.267    2.397    2.502    2.613    2.722    2.860    2.928    3.061    3.102    3.245    3.363    3.444    3.523    3.646    3.738    3.916    3.978    4.155    4.256    4.297    4.359    4.528    4.575    4.622    4.723    4.752    4.880    4.968    5.014    5.104    5.181    5.289    5.333    5.393    5.471    5.554    5.541    5.627    5.670    5.738    5.809    5.915    5.935    5.955    6.018    6.032    6.038    6.110    6.158    6.180    6.177    6.206    6.186    6.224    6.240    6.296    6.246    6.309    6.354    6.330    6.344    6.371    6.371    6.389    6.424    6.412    6.430    6.486    6.449    6.427    6.480
      15    2.140    1.998    1.876    1.729    1.613    1.470    1.345    1.211    1.114    1.000    0.904    0.846    0.712    0.628    0.000    0.625    0.707    0.796    0.900    0.997    1.077    1.182    1.285    1.394    1.473    1.569    1.694    1.796    1.915    2.017    2.104    2.161    2.297    2.414    2.519    2.636    2.778    2.842    2.979    3.012    3.156    3.271    3.349    3.435    3.560    3.648    3.824    3.888    4.064    4.163    4.206    4.270    4.437    4.483    4.529    4.633    4.660    4.787    4.874    4.921    5.012    5.092    5.200    5.247    5.310    5.386    5.469    5.459    5.545    5.587    5.655    5.722    5.829    5.849    5.870    5.937    5.950    5.956    6.030    6.081    6.099    6.098    6.127    6.109    6.150    6.166    6.223    6.170    6.235    6.276    6.254    6.271    6.299    6.297    6.317    6.355    6.340    6.359    6.417    6.381    6.357    6.410
      16    2.230    2.091    1.964    1.813    1.704    1.555    1.433    1.300    1.187    1.090    0.984    0.916    0.826    0.729    0.625    0.000    0.607    0.713    0.838    0.942    1.002    1.097    1.197    1.298    1.390    1.489    1.608    1.710    1.834    1.932    2.004    2.055    2.186    2.306    2.407    2.528    2.676    2.740    2.882    2.917    3.065    3.177    3.258    3.337    3.466    3.557    3.735    3.795    3.973    4.075    4.120    4.182    4.343    4.392    4.440    4.544    4.571    4.699    4.786    4.839    4.933    5.011    5.123    5.172    5.235    5.309    5.390    5.381    5.471    5.516    5.585    5.651    5.754    5.773    5.794    5.862    5.874    5.880    5.955    6.007    6.029    6.030    6.059    6.040    6.083    6.099    6.154    6.102    6.166    6.208    6.187    6.205    6.235    6.234    6.255    6.294    6.280    6.297    6.358    6.321    6.297    6.353
      17    2.273    2.133    2.007    1.851    1.741    1.596    1.480    1.364    1.259    1.164    1.059    0.989    0.915    0.818    0.707    0.607    0.000    0.628    0.766    0.862    0.944    1.056    1.171    1.251    1.340    1.443    1.552    1.647    1.768    1.878    1.945    2.009    2.133    2.250    2.350    2.474    2.617    2.684    2.823    2.857    3.004    3.115    3.192    3.273    3.404    3.489    3.664    3.724    3.900    4.004    4.051    4.111    4.273    4.319    4.366    4.471    4.497    4.624    4.712    4.760    4.857    4.938    5.049    5.102    5.167    5.241    5.325    5.317    5.402    5.447    5.519    5.584    5.682    5.701    5.724    5.794    5.808    5.814    5.891    5.942    5.963    5.965    5.994    5.976    6.018    6.035    6.091    6.040    6.106    6.147    6.124    6.139    6.170    6.170    6.192    6.230    6.217    6.234    6.296    6.259    6.233    6.289
      18    2.359    2.227    2.103    1.952    1.841    1.703    1.579    1.453    1.340    1.247    1.140    1.068    0.983    0.885    0.796    0.713    0.628    0.000    0.625    0.750    0.828    0.943    1.064    1.135    1.225    1.314    1.432    1.533    1.654    1.744    1.826    1.887    2.016    2.132    2.235    2.356    2.499    2.569    2.701    2.743    2.882    2.994    3.070    3.150    3.278    3.366    3.540    3.602    3.778    3.883    3.925    3.990    4.151    4.198    4.248    4.350    4.374    4.500    4.587    4.635    4.727    4.808    4.922    4.970    5.036    5.111    5.190    5.185    5.271    5.316    5.382    5.450    5.551    5.573    5.594    5.660    5.674    5.683    5.760    5.810    5.832    5.835    5.865    5.842    5.883    5.902    5.958    5.907    5.973    6.015    5.996    6.011    6.041    6.043    6.064    6.103    6.090    6.110    6.172    6.137    6.112    6.167
      19    2.472    2.337    2.213    2.064    1.963    1.832    1.705    1.577    1.470    1.369    1.262    1.177    1.078    0.972    0.900    0.838    0.766    0.625    0.000    0.620    0.700    0.803    0.904    1.002    1.085    1.196    1.313    1.413    1.520    1.633    1.703    1.768    1.895    2.009    2.110    2.226    2.365    2.434    2.557    2.598    2.738    2.846    2.926    3.010    3.142    3.235    3.410    3.472    3.645    3.752    3.797    3.863    4.028    4.074    4.123    4.230    4.254    4.379    4.465    4.510    4.603    4.683    4.792    4.843    4.909    4.986    5.070    5.062    5.152    5.201    5.267    5.328    5.434    5.454    5.476    5.540    5.554    5.563    5.639    5.688    5.714    5.717    5.743    5.725    5.766    5.784    5.841    5.792    5.855    5.897    5.875    5.889    5.917    5.917    5.940    5.978    5.967    5.984    6.045    6.010    5.984    6.039
      20    2.570    2.431    2.302    2.146    2.052    1.927    1.795    1.664    1.562    1.462    1.348    1.280    1.183    1.096    0.997    0.942    0.862    0.750    0.620    0.000    0.609    0.738    0.839    0.921    0.995    1.112    1.239    1.324    1.436    1.537    1.611    1.681    1.806    1.923    2.031    2.138    2.276    2.344    2.469    2.510    2.648    2.757    2.838    2.932    3.058    3.150    3.325    3.390    3.565    3.672    3.715    3.783    3.948    3.996    4.047    4.150    4.173    4.304    4.390    4.433    4.529    4.609    4.719    4.772    4.836    4.909    4.993    4.986    5.076    5.125    5.194    5.260    5.363    5.384    5.408    5.475    5.487    5.494    5.572    5.624    5.650    5.652    5.679    5.664    5.704    5.721    5.778    5.729    5.790    5.834    5.813    5.827    5.855    5.856    5.881    5.923    5.908    5.927    5.988    5.952    5.927    5.980
      21    2.662    2.522    2.401    2.243    2.138    2.015    1.887    1.751    1.650    1.554    1.432    1.360    1.265    1.156    1.077    1.002    0.944    0.828    0.700    0.609    0.000    0.622    0.724    0.820    0.905    1.019    1.142    1.222    1.334    1.438    1.516    1.588    1.702    1.824    1.926    2.045    2.187    2.251    2.376    2.414    2.557    2.672    2.760    2.847    2.972    3.064    3.244    3.306    3.482    3.591    3.630    3.700    3.861    3.912    3.972    4.075    4.102    4.228    4.312    4.353    4.446    4.523    4.632    4.684    4.748    4.825    4.909    4.902    4.992    5.041    5.110    5.174    5.272    5.296    5.318    5.386    5.401    5.407    5.484    5.533    5.558    5.563    5.591    5.572    5.615    5.633    5.689    5.639    5.702    5.743    5.728    5.740    5.770    5.773    5.798    5.839    5.827    5.843    5.909    5.873    5.847    5.899
      22    2.760    2.627    2.496    2.351    2.256    2.127    1.997    1.861    1.753    1.657    1.541    1.454    1.364    1.256    1.182    1.097    1.056    0.943    0.803    0.738    0.622    0.000    0.599    0.729    0.800    0.877    0.997    1.094    1.219    1.332    1.385    1.464    1.570    1.698    1.797    1.909    2.041    2.109    2.236    2.275    2.416    2.538    2.626    2.718    2.844    2.942    3.120    3.179    3.356    3.461    3.504    3.576    3.740    3.792    3.852    3.952    3.981    4.109    4.196    4.240    4.333    4.410    4.518    4.571    4.627    4.705    4.790    4.781    4.867    4.919    4.990    5.053    5.149    5.175    5.195    5.266    5.278    5.288    5.362    5.414    5.439    5.446    5.474    5.455    5.495    5.516    5.572    5.521    5.584    5.626    5.607    5.621    5.650    5.655    5.679    5.721    5.706    5.723    5.785    5.750    5.725    5.775
      23    2.863    2.733    2.609    2.456    2.363    2.240    2.104    1.978    1.871    1.767    1.662    1.576    1.478    1.374    1.285    1.197    1.171    1.064    0.904    0.839    0.724    0.599    0.000    0.614    0.716    0.823    0.925    1.009    1.125    1.236    1.274    1.354    1.466    1.595    1.680    1.790    1.924    1.993    2.109    2.148    2.292    2.420    2.505    2.598    2.723    2.824    3.005    3.063    3.243    3.346    3.395    3.466    3.625    3.673    3.733    3.838    3.865    3.996    4.081    4.126    4.220    4.296    4.403    4.459    4.515    4.595    4.677    4.671    4.763    4.816    4.887    4.946    5.043    5.071    5.088    5.158    5.170    5.181    5.256    5.310    5.336    5.345    5.370    5.355    5.399    5.415    5.473    5.423    5.484    5.524    5.506    5.523    5.549    5.551    5.582    5.625    5.606    5.622    5.685    5.650    5.623    5.678
      24    2.963    2.832    2.705    2.563    2.459    2.344    2.207    2.081    1.976    1.876    1.768    1.688    1.593    1.478    1.394    1.298    1.251    1.135    1.002    0.921    0.820    0.729    0.614    0.000    0.599    0.685    0.840    0.902    1.018    1.096    1.152    1.252    1.358    1.498    1.577    1.672    1.811    1.887    1.996    2.038    2.182    2.301    2.383    2.481    2.613    2.712    2.893    2.952    3.132    3.233    3.286    3.350    3.513    3.557    3.617    3.725    3.754    3.881    3.965    4.014    4.113    4.194    4.296    4.355    4.407    4.487    4.573    4.566    4.657    4.709    4.780    4.838    4.941    4.970    4.985    5.053    5.069    5.076    5.155    5.206    5.237    5.250    5.279    5.260    5.303    5.321    5.376    5.326    5.389    5.429    5.413    5.431    5.461    5.461    5.493    5.537    5.521    5.537    5.601    5.569    5.541    5.594
      25    3.028    2.900    2.769    2.632    2.527    2.416    2.286    2.171    2.062    1.967    1.866    1.782    1.674    1.555    1.473    1.390    1.340    1.225    1.085    0.995    0.905    0.800    0.716    0.599    0.000    0.617    0.771    0.837    0.970    1.042    1.085    1.196    1.297    1.428    1.519    1.622    1.756    1.824    1.944    1.988    2.125    2.243    2.335    2.430    2.555    2.658    2.838    2.898    3.076    3.175    3.219    3.286    3.447    3.496    3.556    3.665    3.693    3.819    3.907    3.959    4.058    4.137    4.244    4.298    4.352    4.431    4.520    4.512    4.602    4.658    4.727    4.787    4.891    4.920    4.938    5.005    5.019    5.023    5.097    5.151    5.181    5.196    5.224    5.206    5.248    5.265    5.322    5.274    5.338    5.375    5.358    5.376    5.407    5.406    5.439    5.482    5.466    5.483    5.547    5.518    5.490    5.542
      26    3.125    3.000    2.862    2.729    2.623    2.509    2.383    2.256    2.154    2.066    1.951    1.868    1.770    1.651    1.569    1.489    1.443    1.314    1.196    1.112    1.019    0.877    0.823    0.685    0.617    0.000    0.616    0.687    0.823    0.884    0.950    1.071    1.172    1.307    1.381    1.485    1.615    1.687    1.821    1.862    1.998    2.114    2.199    2.302    2.424    2.523    2.696    2.760    2.939    3.045    3.087    3.152    3.317    3.366    3.431    3.535    3.562    3.688    3.775    3.826    3.926    4.007    4.116    4.168    4.220    4.301    4.390    4.383    4.467    4.522    4.594    4.653    4.754    4.786    4.802    4.872    4.885    4.893    4.972    5.022    5.051    5.069    5.096    5.076    5.119    5.132    5.188    5.145    5.207    5.247    5.233    5.251    5.279    5.282    5.314    5.360    5.345    5.365    5.427    5.398    5.371    5.419
      27    3.221    3.099    2.961    2.830    2.729    2.612    2.491    2.365    2.262    2.175    2.061    1.965    1.885    1.770    1.694    1.608    1.552    1.432    1.313    1.239    1.142    0.997    0.925    0.840    0.771    0.616    0.000    0.554    0.728    0.826    0.869    0.998    1.093    1.206    1.290    1.398    1.521    1.601    1.734    1.773    1.902    2.029    2.117    2.220    2.327    2.418    2.593    2.663    2.841    2.947    2.979    3.046    3.210    3.260    3.323    3.432    3.463    3.586    3.667    3.718    3.820    3.897    4.012    4.062    4.109    4.189    4.279    4.274    4.356    4.417    4.488    4.546    4.644    4.679    4.696    4.768    4.780    4.788    4.865    4.915    4.944    4.961    4.990    4.973    5.013    5.027    5.081    5.042    5.101    5.142    5.129    5.145    5.174    5.177    5.211    5.259    5.242    5.263    5.328    5.301    5.274    5.324
      28    3.319    3.193    3.055    2.924    2.827    2.714    2.595    2.470    2.366    2.282    2.166    2.069    1.991    1.876    1.796    1.710    1.647    1.533    1.413    1.324    1.222    1.094    1.009    0.902    0.837    0.687    0.554    0.000    0.613    0.717    0.763    0.884    0.992    1.092    1.178    1.279    1.409    1.492    1.620    1.662    1.790    1.913    2.005    2.109    2.210    2.306    2.477    2.549    2.722    2.826    2.863    2.931    3.091    3.142    3.214    3.322    3.351    3.473    3.554    3.610    3.706    3.782    3.898    3.949    3.999    4.079    4.167    4.164    4.248    4.312    4.388    4.446    4.547    4.582    4.598    4.667    4.680    4.687    4.767    4.819    4.849    4.867    4.897    4.879    4.920    4.935    4.989    4.948    5.008    5.046    5.039    5.058    5.087    5.091    5.125    5.174    5.159    5.179    5.244    5.217    5.190    5.240
      29    3.424    3.296    3.163    3.035    2.936    2.824    2.704    2.587    2.486    2.397    2.288    2.201    2.124    2.014    1.915    1.834    1.768    1.654    1.520    1.436    1.334    1.219    1.125    1.018    0.970    0.823    0.728    0.613    0.000    0.633    0.706    0.839    0.936    1.044    1.114    1.210    1.335    1.422    1.555    1.587    1.719    1.823    1.916    2.020    2.115    2.208    2.374    2.441    2.615    2.723    2.761    2.826    2.987    3.047    3.117    3.227    3.252    3.378    3.457    3.508    3.608    3.687    3.797    3.849    3.901    3.983    4.070    4.070    4.159    4.224    4.299    4.353    4.454    4.486    4.505    4.580    4.593    4.602    4.682    4.733    4.760    4.783    4.811    4.793    4.834    4.848    4.905    4.864    4.928    4.965    4.961    4.976    5.005    5.009    5.044    5.098    5.079    5.098    5.163    5.138    5.109    5.161
      30    3.524    3.398    3.263    3.136    3.036    2.924    2.804    2.691    2.582    2.494    2.382    2.298    2.229    2.114    2.017    1.932    1.878    1.744    1.633    1.537    1.438    1.332    1.236    1.096    1.042    0.884    0.826    0.717    0.633    0.000    0.592    0.734    0.813    0.917    1.006    1.086    1.216    1.305    1.447    1.475    1.597    1.704    1.788    1.886    1.986    2.086    2.246    2.316    2.488    2.591    2.634    2.701    2.863    2.926    2.999    3.101    3.126    3.249    3.331    3.389    3.487    3.565    3.680    3.734    3.788    3.869    3.954    3.956    4.047    4.113    4.190    4.246    4.346    4.382    4.396    4.468    4.480    4.490    4.574    4.624    4.654    4.679    4.705    4.687    4.732    4.744    4.802    4.761    4.824    4.858    4.855    4.874    4.902    4.905    4.944    4.995    4.979    5.003    5.067    5.042    5.016    5.068
      31    3.614    3.490    3.353    3.225    3.130    3.015    2.897    2.783    2.679    2.587    2.477    2.391    2.318    2.202    2.104    2.004    1.945    1.826    1.703    1.611    1.516    1.385    1.274    1.152    1.085    0.950    0.869    0.763    0.706    0.592    0.000    0.625    0.703    0.814    0.881    0.971    1.092    1.180    1.331    1.372    1.485    1.596    1.681    1.781    1.885    1.985    2.152    2.215    2.386    2.490    2.531    2.598    2.757    2.816    2.891    2.994    3.014    3.141    3.229    3.288    3.380    3.460    3.572    3.627    3.682    3.762    3.847    3.847    3.942    4.003    4.078    4.134    4.232    4.270    4.289    4.362    4.375    4.386    4.472    4.521    4.553    4.579    4.605    4.587    4.635    4.649    4.701    4.661    4.725    4.756    4.751    4.772    4.800    4.805    4.846    4.897    4.881    4.903    4.965    4.940    4.910    4.966
      32    3.693    3.570    3.428    3.302    3.210    3.093    2.973    2.864    2.758    2.659    2.547    2.453    2.376    2.267    2.161    2.055    2.009    1.887    1.768    1.681    1.588    1.464    1.354    1.252    1.196    1.071    0.998    0.884    0.839    0.734    0.625    0.000    0.586    0.718    0.785    0.878    0.987    1.063    1.227    1.265    1.388    1.493    1.578    1.673    1.777    1.883    2.042    2.110    2.283    2.384    2.431    2.509    2.669    2.723    2.796    2.901    2.927    3.056    3.134    3.198    3.298    3.379    3.495    3.553    3.613    3.690    3.775    3.780    3.876    3.938    4.012    4.065    4.165    4.200    4.220    4.294    4.307    4.318    4.403    4.454    4.490    4.516    4.544    4.524    4.574    4.589    4.645    4.600    4.668    4.702    4.698    4.723    4.748    4.756    4.792    4.840    4.820    4.844    4.904    4.877    4.845    4.905
      33    3.809    3.685    3.543    3.419    3.337    3.211    3.095    2.989    2.882    2.790    2.678    2.591    2.512    2.397    2.297    2.186    2.133    2.016    1.895    1.806    1.702    1.570    1.466    1.358    1.297    1.172    1.093    0.992    0.936    0.813    0.703    0.586    0.000    0.618    0.690    0.802    0.892    0.972    1.134    1.163    1.273    1.390    1.498    1.586    1.699    1.797    1.956    2.027    2.195    2.304    2.348    2.425    2.583    2.641    2.723    2.825    2.845    2.972    3.054    3.115    3.214    3.299    3.414    3.475    3.529    3.607    3.692    3.696    3.795    3.858    3.932    3.984    4.083    4.116    4.137    4.212    4.223    4.231    4.318    4.371    4.407    4.439    4.465    4.444    4.496    4.509    4.563    4.521    4.588    4.620    4.616    4.634    4.662    4.672    4.711    4.759    4.739    4.765    4.828    4.800    4.773    4.829
      34    3.900    3.777    3.636    3.514    3.428    3.311    3.203    3.099    2.993    2.896    2.788    2.699    2.620    2.502    2.414    2.306    2.250    2.132    2.009    1.923    1.824    1.698    1.595    1.498    1.428    1.307    1.206    1.092    1.044    0.917    0.814    0.718    0.618    0.000    0.577    0.706    0.817    0.900    1.059    1.091    1.185    1.319    1.429    1.511    1.611    1.709    1.854    1.921    2.086    2.190    2.236    2.312    2.471    2.528    2.607    2.709    2.739    2.857    2.940    3.008    3.107    3.183    3.302    3.359    3.419    3.493    3.580    3.582    3.683    3.749    3.825    3.874    3.970    4.006    4.028    4.101    4.118    4.130    4.215    4.269    4.302    4.336    4.366    4.344    4.397    4.409    4.461    4.424    4.493    4.522    4.521    4.541    4.568    4.576    4.614    4.664    4.644    4.668    4.731    4.703    4.676    4.735
      35    4.008    3.890    3.750    3.629    3.549    3.429    3.318    3.217    3.112    3.012    2.898    2.806    2.728    2.613    2.519    2.407    2.350    2.235    2.110    2.031    1.926    1.797    1.680    1.577    1.519    1.381    1.290    1.178    1.114    1.006    0.881    0.785    0.690    0.577    0.000    0.589    0.730    0.810    0.941    0.984    1.083    1.224    1.315    1.387    1.503    1.601    1.752    1.812    1.979    2.087    2.129    2.203    2.361    2.418    2.494    2.604    2.631    2.744    2.830    2.898    2.992    3.071    3.184    3.247    3.305    3.381    3.469    3.474    3.579    3.639    3.718    3.769    3.864    3.908    3.926    4.002    4.018    4.030    4.118    4.173    4.209    4.246    4.274    4.252    4.308    4.321    4.372    4.334    4.400    4.426    4.428    4.446    4.473    4.484    4.523    4.577    4.554    4.577    4.640    4.615    4.585    4.644
      36    4.121    3.999    3.856    3.739    3.662    3.544    3.426    3.324    3.217    3.119    3.008    2.912    2.838    2.722    2.636    2.528    2.474    2.356    2.226    2.138    2.045    1.909    1.790    1.672    1.622    1.485    1.398    1.279    1.210    1.086    0.971    0.878    0.802    0.706    0.589    0.000    0.603    0.717    0.848    0.866    0.973    1.109    1.192    1.269    1.367    1.481    1.632    1.679    1.853    1.959    2.002    2.081    2.235    2.287    2.371    2.479    2.508    2.623    2.709    2.776    2.871    2.957    3.074    3.132    3.194    3.272    3.359    3.367    3.465    3.531    3.609    3.663    3.760    3.801    3.820    3.893    3.911    3.927    4.019    4.074    4.117    4.149    4.178    4.162    4.221    4.235    4.287    4.248    4.315    4.342    4.345    4.365    4.392    4.404    4.445    4.501    4.478    4.502    4.564    4.540    4.509    4.569
      37    4.246    4.129    3.984    3.871    3.793    3.677    3.561    3.464    3.351    3.254    3.145    3.046    2.973    2.860    2.778    2.676    2.617    2.499    2.365    2.276    2.187    2.041    1.924    1.811    1.756    1.615    1.521    1.409    1.335    1.216    1.092    0.987    0.892    0.817    0.730    0.603    0.000    0.606    0.731    0.786    0.884    1.014    1.100    1.187    1.281    1.390    1.526    1.587    1.761    1.864    1.907    1.992    2.141    2.189    2.276    2.379    2.405    2.520    2.602    2.665    2.756    2.836    2.954    3.015    3.076    3.155    3.241    3.250    3.354    3.421    3.504    3.555    3.650    3.695    3.713    3.792    3.808    3.824    3.912    3.966    4.011    4.049    4.078    4.063    4.124    4.135    4.192    4.152    4.219    4.250    4.251    4.270    4.295    4.309    4.352    4.407    4.385    4.408    4.468    4.442    4.410    4.471
      38    4.323    4.204    4.062    3.944    3.867    3.757    3.638    3.542    3.429    3.333    3.220    3.120    3.040    2.928    2.842    2.740    2.684    2.569    2.434    2.344    2.251    2.109    1.993    1.887    1.824    1.687    1.601    1.492    1.422    1.305    1.180    1.063    0.972    0.900    0.810    0.717    0.606    0.000    0.640    0.692    0.782    0.905    1.001    1.086    1.179    1.292    1.411    1.495    1.657    1.760    1.810    1.895    2.044    2.083    2.173    2.277    2.305    2.427    2.512    2.582    2.671    2.751    2.865    2.930    2.991    3.073    3.165    3.169    3.272    3.340    3.418    3.470    3.564    3.606    3.631    3.708    3.727    3.744    3.832    3.886    3.933    3.971    3.999    3.985    4.046    4.055    4.112    4.073    4.143    4.170    4.176    4.195    4.218    4.230    4.272    4.327    4.303    4.325    4.389    4.363    4.333    4.394
      39    4.450    4.335    4.195    4.080    3.998    3.892    3.769    3.674    3.566    3.466    3.349    3.250    3.174    3.061    2.979    2.882    2.823    2.701    2.557    2.469    2.376    2.236    2.109    1.996    1.944    1.821    1.734    1.620    1.555    1.447    1.331    1.227    1.134    1.059    0.941    0.848    0.731    0.640    0.000    0.577    0.693    0.799    0.883    0.975    1.077    1.192    1.327    1.392    1.559    1.652    1.697    1.787    1.931    1.967    2.059    2.167    2.194    2.305    2.395    2.465    2.555    2.639    2.744    2.813    2.875    2.954    3.045    3.057    3.158    3.230    3.311    3.360    3.459    3.503    3.529    3.601    3.621    3.639    3.729    3.785    3.836    3.877    3.900    3.891    3.955    3.962    4.019    3.979    4.048    4.077    4.082    4.100    4.128    4.140    4.189    4.243    4.224    4.248    4.309    4.283    4.251    4.312
      40    4.501    4.384    4.245    4.128    4.046    3.938    3.818    3.718    3.612    3.506    3.391    3.289    3.217    3.102    3.012    2.917    2.857    2.743    2.598    2.510    2.414    2.275    2.148    2.038    1.988    1.862    1.773    1.662    1.587    1.475    1.372    1.265    1.163    1.091    0.984    0.866    0.786    0.692    0.577    0.000    0.601    0.729    0.836    0.940    1.028    1.150    1.294    1.360    1.520    1.631    1.671    1.753    1.896    1.926    2.018    2.128    2.162    2.274    2.359    2.433    2.529    2.610    2.707    2.778    2.841    2.931    3.016    3.027    3.128    3.205    3.283    3.332    3.424    3.469    3.492    3.564    3.585    3.600    3.692    3.752    3.793    3.830    3.858    3.852    3.916    3.924    3.978    3.940    4.008    4.040    4.045    4.062    4.093    4.103    4.152    4.204    4.182    4.206    4.269    4.240    4.208    4.270
      41    4.612    4.499    4.357    4.244    4.163    4.063    3.945    3.847    3.744    3.643    3.526    3.426    3.358    3.245    3.156    3.065    3.004    2.882    2.738    2.648    2.557    2.416    2.292    2.182    2.125    1.998    1.902    1.790    1.719    1.597    1.485    1.388    1.273    1.185    1.083    0.973    0.884    0.782    0.693    0.601    0.000    0.629    0.751    0.834    0.924    1.026    1.160    1.233    1.383    1.494    1.532    1.613    1.766    1.797    1.893    1.996    2.032    2.147    2.239    2.316    2.408    2.488    2.583    2.652    2.716    2.805    2.896    2.909    3.007    3.083    3.167    3.212    3.302    3.354    3.377    3.454    3.472    3.486    3.577    3.634    3.681    3.720    3.749    3.738    3.806    3.807    3.863    3.827    3.896    3.923    3.932    3.951    3.979    3.990    4.038    4.091    4.068    4.095    4.155    4.130    4.103    4.162
      42    4.719    4.607    4.465    4.351    4.270    4.171    4.056    3.956    3.858    3.758    3.640    3.545    3.474    3.363    3.271    3.177    3.115    2.994    2.846    2.757    2.672    2.538    2.420    2.301    2.243    2.114    2.029    1.913    1.823    1.704    1.596    1.493    1.390    1.319    1.224    1.109    1.014    0.905    0.799    0.729    0.629    0.000    0.607    0.709    0.802    0.927    1.047    1.114    1.274    1.366    1.402    1.484    1.624    1.667    1.759    1.859    1.893    2.007    2.102    2.182    2.278    2.368    2.461    2.532    2.591    2.684    2.776    2.791    2.888    2.970    3.042    3.087    3.190    3.234    3.264    3.341    3.362    3.384    3.475    3.535    3.586    3.631    3.657    3.643    3.712    3.719    3.776    3.741    3.809    3.835    3.847    3.863    3.892    3.904    3.953    4.016    3.992    4.020    4.079    4.055    4.027    4.084
